0.36348397 9.557449
0.32034254 8.183968
0.32357806 7.6298594
0.28608286 9.228259
0.3024954 5.7686768
1.3620958 3.8684738
0.5356593 5.0841503
1.0827032 3.2183607
0.4131155 4.8998547
0.41185048 4.358131
0.33356676 7.348094
0.6593558 3.552073
0.733589 2.4228435
0.3374017 5.5828357
0.5710954 4.6420813
0.40634945 4.7045817
0.40545177 5.043535
0.5420001 3.39356
0.43951994 4.853222
0.39233908 6.1049776
0.38620052 6.862224
0.4563722 4.2323318
0.64058626 3.6929784
0.45525068 6.92908
0.8460237 5.328188
0.45363134 4.9944935
0.6158293 4.090334
0.43677014 4.898807
0.9946313 2.5689063
0.6679439 3.762676
0.58073235 4.035626
0.673993 3.7607458
0.44452757 5.006818
0.54850715 4.307329
0.5438665 4.936109
0.5445336 4.5448384
1.0325809 3.555099
0.60215896 4.6477785
0.8868641 2.9328232
0.787443 3.3094559
0.5232328 4.69112
0.78967524 3.478711
1.1038873 2.4051495
0.5855538 5.444172
1.0705588 2.166812
0.693553 3.183212
1.227211 3.7094595
0.62102497 3.8502073
0.75039804 5.9491277
0.70180213 4.3460584
0.80350477 2.9855673
0.7105794 4.517655
0.8535036 2.3860083
0.9027494 2.2567325
0.7835878 2.5950284
0.59938216 3.515756
0.9329237 2.7590775
0.91201866 2.2852573
0.89799017 2.4655085
1.0768476 4.1440153
0.7486563 4.515149
0.62006557 3.8013928
0.5310886 4.276086
0.9574644 2.6865392
1.1235108 2.5393534
0.7857747 3.2839966
0.68002605 3.6195588
0.5252866 4.1060205
0.57238674 4.311498
0.5635681 3.1951156
0.6462207 3.4916928
0.6879928 3.807609
0.5759604 4.6565175
0.5444205 3.6124358
0.78035283 2.0900843
0.7416447 3.5128853
1.0213267 3.7345433
0.8148024 4.2403846
0.62863487 4.6662126
0.4918309 4.770107
0.5608914 4.115641
0.6679235 4.6762743
0.5287333 4.252394
0.7851199 3.5900333
0.59791005 5.3149557
0.6373846 2.809859
0.42247325 7.7681146
0.45133808 5.2547493
0.5768875 5.2026424
0.55256593 4.6951528
0.4525869 6.449401
0.706244 4.449676
0.53575253 4.8664713
0.84156567 6.1996183
0.5746199 3.9895322
0.47044638 5.5153813
0.635103 6.643761
0.4808653 6.232427
0.49148613 6.7681613
0.45660824 4.4048758
0.42676502 5.557269
0.4484593 6.1398215
0.4276615 8.609129
0.80387974 3.371054
0.5741771 7.5133405
0.6302537 3.9064698
0.6425253 6.44905
0.4976624 5.913625
0.513723 6.3862863
0.42631704 6.2166457
0.48570877 7.8463783
0.64549613 6.739063
0.44120413 8.057701
0.44736958 7.181654
0.6158133 6.981803
0.49148354 6.003455
0.44390857 5.439117
0.6959283 5.503008
0.48422292 4.629816
0.44998863 8.40606
0.4609257 6.621278
0.42797711 5.8326726
0.47041002 6.766452
0.73976564 3.299807
0.64894015 8.277577
0.7598305 7.03521
0.44286036 7.1488857
0.44301933 7.7157254
0.47831964 5.01455
0.4851989 7.5158687
0.50445735 6.45934
0.6015067 6.5142274
0.69099194 4.0296435
0.426982 10.18055
0.39993453 9.795386
0.39756876 7.4634886
0.39548594 8.141182
0.63661677 11.123324
0.42335206 7.017971
0.38242352 6.334965
0.4726892 5.9396014
0.5227398 6.314328
0.65707 4.2373486
0.40744525 8.303363
0.39616448 8.781032
0.48059994 7.5997148
0.4489401 6.962016
0.6152207 7.7148046
0.46838105 7.503452
0.7407825 3.8019345
0.43099838 8.141721
0.3986436 6.6603966
0.5291159 7.7845235
0.745965 6.462634
0.4433102 7.708212
0.46114835 8.729887
0.5205033 7.3723707
0.48136112 7.5169234
0.53580713 6.9951777
0.45486128 6.4903355
0.68434584 5.413748
0.5311409 7.2200747
0.4812323 7.5032754
0.49909085 7.0284543
0.42839128 7.3758364
0.44799888 10.15049
0.43488717 7.0851603
0.4657007 7.969292
0.59289974 4.7851515
0.5916269 6.2693334
0.4067487 9.200608
0.7278076 3.9271586
0.4292437 8.967954
0.54234016 10.653273
0.5233544 7.4091988
0.44679156 8.8771
0.62991023 6.073494
0.46548444 8.365426
0.48300755 5.489149
0.62935895 6.6868625
0.45778233 6.457083
0.5442948 7.526735
0.58798826 5.4443827
0.47202483 7.8666906
0.45436233 5.8403225
0.4944611 4.634547
0.5783709 4.8669796
0.59881175 5.432617
0.5998064 5.4677196
0.4694088 6.320991
0.47692204 5.455334
0.45205575 6.2048507
0.4714635 6.471595
0.44603848 6.991391
0.6241044 4.796249
0.6192048 5.8721056
0.4930654 10.149071
0.4873392 5.4949245
0.5277588 6.0597067
0.5118142 6.4919605
0.628379 5.415516
0.5939917 6.3121734
0.5691085 6.296416
0.65930927 4.9198775
0.5657926 6.2318892
0.46595725 7.357461
0.5745744 4.026056
1.1879929 6.024591
0.44018865 6.989349
0.5273003 5.8163958
0.82441235 6.3975697
0.6245308 6.675526
0.66569793 5.8039
0.5825987 6.191802
0.74983615 5.0855827
0.6613401 6.236335
0.4927788 6.0677905
0.544475 6.0065117
0.56354177 6.7194796
0.5193662 5.6981387
0.4958518 6.3391557
0.47006732 6.9904723
0.5054567 8.191688
0.4980994 6.806689
0.51383746 7.870366
0.54136914 5.9754796
0.50556815 8.549019
0.48818737 6.2379627
0.488186 6.3785486
0.7192677 4.848628
0.7309567 6.0925355
0.6282861 5.3091736
0.50224483 7.9022455
0.6185533 5.3344193
0.68055016 6.3748083
0.577323 9.76254
0.69750214 6.59855
0.58122987 5.9193335
0.6878433 5.238654
0.55468655 5.8989305
0.5996152 6.324925
0.5867709 7.7486925
0.54505104 6.1466002
0.6751249 5.1096635
0.51595896 5.7485437
0.5409348 6.8796425
0.47453958 6.9353204
0.5658721 8.137181
0.6754725 7.133781
0.6274048 5.7497106
0.6078264 5.543691
0.66931057 7.0834575
0.8630842 5.614988
0.59512424 4.983559
0.58104646 6.554757
0.5615391 5.731669
0.5719705 6.4008145
0.62594664 4.6030054
0.9148729 3.7709436
0.571588 7.494511
0.6259027 6.981913
0.56745255 6.6475143
0.7411494 6.4297066
0.63917196 6.479941
0.8161042 7.703835
0.5864985 6.233336
0.8921862 4.657986
0.57517725 8.443945
0.6846099 4.798153
0.62579215 6.69988
0.5490575 5.310443
0.62045896 6.272214
0.584121 4.9857674
0.5731964 5.8962846
0.6327536 7.511692
0.5172305 5.9581695
0.6680219 5.1044297
1.048561 4.785643
0.55295396 5.776092
0.82745945 5.0336113
0.6223377 8.313488
0.6583171 7.636019
0.65179896 6.780091
0.60294056 7.155307
0.58026123 8.671629
0.6524093 5.9809546
0.69513977 5.586445
0.54345703 9.063328
0.67141414 5.439908
0.84654117 5.4868374
0.6749041 5.743094
0.6133241 6.89823
0.6955793 6.2440205
0.5641682 5.8175235
0.69975966 5.7197933
0.5788003 9.079915
0.913555 6.3303633
0.5586545 9.12947
0.8038864 8.773913
0.5639715 5.9395185
0.69006044 7.648882
0.8124529 6.6613092
0.7675844 8.131742
0.6010684 8.250209
0.6544597 8.241103
0.6264273 6.6164136
0.6167651 7.416361
0.60521376 5.8995523
0.71810114 4.8808465
0.82252455 5.608864
0.6199161 7.340348
0.5283885 6.762737
0.64771324 5.857213
0.71950793 5.773112
0.5891166 7.7158246
0.69429684 6.300982
0.62420046 7.3786473
0.6609882 7.600523
0.59392583 9.687706
0.57341725 6.2221804
0.6165426 6.409737
0.6367707 6.8577566
0.6739086 5.854247
0.620374 7.934439
0.55060834 8.092437
0.89991045 6.1660914
0.63682437 5.09146
0.6877204 5.363091
0.7452984 7.7069287
1.0491427 6.540589
0.54741436 9.751989
0.6450421 7.6386485
0.80989665 5.778826
0.75365525 5.820599
0.68046385 7.0392876
0.6672596 5.370813
0.59221685 6.263231
0.6671699 6.225315
0.6436232 7.5034695
0.9394781 5.098201
0.8926872 7.2736077
0.6592408 6.4464808
0.6694459 6.1989737
1.2923886 5.1805105
0.66041344 8.123854
0.6175021 7.4367666
0.65097237 6.3787956
0.8128331 7.7028356
0.693985 10.289606
0.6765124 7.048423
0.85847425 6.388871
0.7474828 5.6692624
0.6616334 8.041635
0.70514 5.2536693
0.8741766 6.5636644
0.7344532 5.7475348
0.6545865 6.3495893
0.84958667 6.985778
0.7365218 7.5587015
0.6132518 7.9168515
0.6010835 6.7078795
0.69766194 8.584009
0.65289 6.094433
0.64242506 5.794
0.7370626 9.205331
0.7099365 6.6934404
0.62725794 6.911024
0.6945387 7.0391026
0.8697902 6.0199995
0.73903346 6.2088747
0.6710448 5.531342
0.75309575 6.202836
0.5733204 8.292124
0.8113613 7.1883144
0.70310044 7.883398
0.6989615 5.4166355
0.73360205 7.3634787
0.7825838 6.8540187
0.6055924 7.9899735
0.69031686 7.175083
0.741432 8.333952
0.67991567 6.3803606
0.5879514 9.972006
0.60313845 7.219277
0.6969323 6.319978
0.6803205 6.519192
0.9374878 3.7565715
0.7658875 6.863328
0.69060063 7.612503
0.65602446 6.267467
0.655133 7.6415577
0.78755856 4.750917
0.7351977 6.435919
0.8822645 4.762653
0.67919004 8.469631
0.64163435 7.923117
0.8388818 6.686554
0.6065881 6.4082947
0.67771494 6.942888
0.8801254 6.132331
0.95024 5.9103756
0.74390054 7.2407284
0.65649414 7.4950485
0.63975096 6.683839
0.6852127 8.235078
0.9147371 7.096146
0.59192586 7.356659
0.6432331 7.000207
0.6427566 5.742813
0.5607246 7.195459
0.7547916 8.245837
0.67507327 7.091727
0.7097419 5.309893
0.75042063 7.076346
0.8531924 6.916611
0.8865908 5.278466
0.6939433 6.0080705
0.8288871 8.123186
0.8839808 6.2752013
0.65359825 8.934509
0.8014797 8.636255
0.7155607 7.6793118
0.7588631 8.01466
0.7119967 6.6795993
0.7040762 5.9854474
0.9635892 5.4684024
0.8079999 5.2190204
0.69304717 7.1867647
0.89235735 7.806329
0.74605083 7.971446
0.79307663 8.544689
0.75119585 5.776292
0.64022255 7.822752
0.7170312 8.388144
0.76598465 7.769373
0.648425 10.166777
0.6165178 8.42151
0.59112495 10.425095
0.6630726 9.381586
0.6885522 7.6303024
0.6862987 6.0856247
0.8821693 8.018759
0.5754951 7.9275856
0.8868516 5.7506237
0.8612265 7.283279
0.8332319 5.618502
0.62648666 7.728917
0.66935396 6.3670874
0.7427422 6.325363
0.8719388 6.0338545
0.81650543 8.109008
0.61571044 6.2608104
0.5988318 5.8686523
0.6954934 5.9818377
0.69306254 7.8384614
0.5813369 8.323855
0.9600512 5.5166826
0.7163154 9.387338
0.7325633 7.3071094
0.6909745 5.717091
0.7054653 7.931557
0.6334169 9.710133
0.6105944 7.882346
0.9449094 5.6221776
0.65536714 7.7331285
0.5687916 7.3086658
0.68505144 5.610693
0.9281936 4.5639806
0.5867871 7.2374864
0.5881925 6.9786906
0.72108495 7.4713
0.6470582 6.11339
0.678524 5.5290656
0.80655843 6.180436
0.68173337 9.426495
0.6428771 7.10743
0.75789595 6.072902
0.6145411 7.427526
0.80134773 8.515937
0.61033815 10.319073
0.590463 6.897443
0.6851139 8.546333
0.7571344 6.160108
0.60608345 8.840032
0.5745968 8.972282
0.79396695 6.096657
0.625899 6.040069
0.620475 6.4066014
0.77648383 8.294995
0.85674477 5.8354588
0.56828237 8.230016
0.5309913 7.796154
0.62858814 6.2557397
0.5956118 9.567064
0.5476688 10.234659
0.79554784 5.59994
0.6293253 6.1741943
0.6796496 6.140504
0.72140443 6.706289
0.7100413 7.686164
0.70055073 7.2965903
0.5689726 7.1684446
0.71758294 6.5611014
0.6212635 8.094728
1.3457386 5.286281
0.56671685 8.778735
0.61371696 7.6953
0.6332527 7.9790215
0.5867795 7.327998
0.7379689 7.772249
0.669155 8.905901
0.6798295 9.162497
0.67565393 8.764754
0.59941566 7.936167
0.62793034 7.2536564
0.6251123 6.198865
0.57818884 8.204937
0.8007266 5.163405
0.7031503 6.1800575
0.7722176 6.673584
0.6191853 5.666784
0.61765677 9.624311
0.7182512 6.5851455
0.6213852 6.578676
0.72336525 6.7700276
0.60128295 8.084257
0.6766944 5.3927345
0.56770134 8.231356
0.5787615 7.908049
0.56149334 7.668761
0.74870294 6.6228957
0.64368397 7.2201824
0.62641335 7.563462
0.58445406 10.110545
0.7527339 6.06313
0.6786953 7.106956
0.67735887 8.23432
0.79293984 6.532777
0.7344646 7.2556877
0.64889145 9.831127
0.56100094 7.4911203
0.6310668 6.944129
0.6745291 6.2969613
0.57795954 6.7098403
0.64113426 8.070239
0.6499585 6.6910276
0.70277 8.152002
0.5870222 7.374763
0.74509764 7.713096
0.6057882 7.8960443
0.68264234 7.6159706
0.6073438 7.7505565
0.72471607 7.2536316
0.6333823 7.4869666
0.7342256 6.0679493
0.7208076 6.0589285
0.66755325 4.6422586
0.88039255 7.6478114
0.94990283 7.8267303
0.7141987 7.107587
0.7614671 7.198698
0.60285616 5.9526515
0.78836155 7.206869
0.5642725 8.184606
0.71076494 5.6064773
0.6452562 7.539303
0.7231065 6.683826
0.7089002 5.5408688
0.74810976 9.072011
0.62824506 6.7929406
0.5793781 7.2227182
0.74235296 6.1839805
0.8029704 5.584891
0.77817917 5.5188727
0.6271117 6.7970867
0.7592999 8.315669
0.59022 7.308456
0.66627204 6.0988054
0.6698058 6.171096
0.6386477 6.347214
0.62916845 6.756702
0.60000074 7.222296
0.8894331 5.906489
0.7496384 9.221857
0.7775837 7.3297153
0.57578075 9.479472
0.66253495 8.177919
0.702674 8.831384
0.514652 9.360417
0.57571536 7.3439717
0.6816162 6.502287
0.6746719 7.8931355
0.59093827 6.7182465
0.513216 8.453567
0.660606 6.1992273
0.63438946 9.031469
0.80993766 7.1716557
0.5603276 7.551769
0.53004825 7.073035
1.04241 8.278363
0.56588113 9.843177
0.6240291 7.456922
0.92429143 6.1598206
0.72256637 5.463656
0.5762058 8.818294
0.74734193 7.9486766
0.5580582 8.594812
0.69759727 6.0757685
0.71522874 6.0759044
0.7656925 7.4500833
0.5903077 8.08694
0.65835184 7.896366
0.75010633 6.9252863
0.6329687 6.8903246
0.73972714 5.692364
0.66826224 8.243579
0.637442 5.9569044
0.7346537 6.722627
0.6786922 7.6013117
0.66496927 5.909572
0.66987216 6.167028
0.5596065 8.635497
0.660061 7.8805957
0.56008255 9.183305
0.72755724 6.8133864
0.6925186 7.401308
0.61545426 7.6304965
0.60182196 8.467033
0.575723 9.085931
0.6034687 9.237843
0.571497 7.2406907
0.6851569 5.885968
0.6880678 6.466742
0.67276776 7.164117
0.6366734 9.758226
0.6576073 8.947622
0.5866754 9.70763
0.52557427 9.561804
0.68335116 12.62557
0.6872948 7.19953
0.7417964 9.640055
0.5251207 7.6943903
0.58715 6.0665393
0.7343516 9.03311
0.62503994 7.912744
0.58449966 7.7545376
0.53339624 5.682909
0.62119365 9.818727
0.6442917 7.214727
0.98037803 7.0075455
0.76645565 9.103298
0.6776998 7.644126
0.7756629 9.265335
0.6591376 7.658684
0.68451345 7.9932756
0.7976264 8.03898
0.5835071 8.690354
0.6001042 6.4744215
0.7213047 7.2984233
0.6339592 6.975283
0.6123638 8.267817
0.7631812 7.265397
0.56244314 8.746396
0.63232374 6.8690014
0.62280875 8.201983
0.5792977 8.298664
0.8159518 7.1926003
0.756449 8.926151
0.6407616 8.211403
0.7245284 7.940458
0.57061607 9.239945
0.5659057 9.767389
0.61201197 10.476005
0.63292396 7.5374517
0.8366823 6.2988296
0.7447337 10.0603485
0.675673 8.834666
0.5212392 12.095698
0.54265445 10.540964
0.5164345 10.593847
0.615634 11.035461
0.63848335 10.089627
0.6514339 7.620235
0.52742183 9.022032
0.74665827 8.246231
0.801418 5.1794987
0.8843431 5.693778
0.6534977 8.114017
0.9649763 5.1291113
0.6185194 8.105149
0.6205481 8.165995
0.5146489 7.207971
0.6242099 8.169821
0.6745739 6.408773
0.5697581 8.058084
0.6924509 8.221703
0.80230606 5.1412444
0.5953039 8.782751
0.8563254 6.302034
0.61527324 6.482463
0.570375 8.670243
0.6089585 7.2637534
0.6277995 6.204135
0.7451328 7.826872
0.6307037 7.9095793
0.69968194 6.924632
0.7712754 7.3434844
0.63612974 7.442627
0.6103176 11.182106
0.57385594 8.528263
0.6017239 7.362749
0.6854381 9.07891
0.6798808 8.835933
0.58476686 9.30921
0.6718131 9.423288
0.72439635 8.290903
0.6774888 7.210598
0.5550085 10.746084
0.6078749 7.0483093
0.7287052 5.9346437
0.74282354 8.200088
0.8833338 5.567387
0.60140574 7.821626
0.5490568 9.519393
0.5996076 7.519791
0.601488 7.41519
0.60418034 7.5874376
0.6163663 7.107227
0.6234871 7.729159
0.62957096 6.464938
0.5521107 10.588971
0.63579154 9.539757
0.94119906 10.99031
0.5924858 10.91306
0.5922784 10.891817
0.55191123 8.8350725
0.77179694 7.233415
0.59083986 7.3674865
0.70572114 6.493193
0.59926236 7.350207
0.72007835 7.681093
0.7524872 5.929709
0.66098446 6.5409136
0.5961275 10.265061
0.56568193 8.640577
0.78546405 7.395051
0.63046044 7.529012
0.67922276 7.0078907
0.8882444 7.7693615
0.5264486 10.438789
0.65390253 6.8614006
0.7106031 8.294877
0.61746305 6.773877
0.5306821 8.830377
0.65999633 8.008263
0.7349881 6.505909
0.5509933 7.024591
0.6097988 8.787985
0.73026115 8.753793
0.57659096 8.136434
0.6077572 8.406802
0.692182 8.117555
0.53079885 8.53059
0.63028514 8.28627
0.83192253 6.026741
1.0010555 5.781559
0.8581132 7.393029
0.614553 10.129152
0.9418102 6.0876913
0.6742749 8.615537
0.55639696 11.705065
0.5302047 9.500005
0.6421253 9.404207
0.6189724 8.070814
0.6540526 7.4364
0.7928381 9.871142
0.620503 13.092686
0.5347604 9.0357895
0.92293537 7.0203013
0.6469147 9.890295
0.55718464 8.729761
0.54501414 7.0649767
0.71347153 6.4300942
0.6261736 8.269812
0.8124358 7.9501777
0.5872208 6.1722436
0.70585936 6.4242196
0.85109925 6.0330267
0.713398 6.118962
0.7339562 6.4452796
0.84970105 6.053969
0.61072963 6.0665255
0.69012207 7.260279
0.55736804 7.957505
0.6514042 6.126483
0.5615831 7.214948
0.66166383 6.318674
0.6225424 10.6377125
0.5981871 7.046019
0.6231526 6.690041
0.62500083 7.1649776
0.6572753 8.817513
0.5701606 7.172949
0.58509564 8.952666
0.5736058 9.756574
0.7549029 5.486526
0.5844288 8.1937475
0.78878456 6.562432
0.8945833 4.355038
0.67022884 6.886544
0.71536 5.7269487
0.8733246 6.9878397
0.69479 7.0630536
0.5924142 8.115575
0.58912075 6.8663454
0.68318176 7.221963
0.6730224 7.915638
0.55381835 7.7275715
0.82660717 7.799851
0.76240075 6.7589273
0.5887198 6.881329
0.6097702 6.3631644
0.66850024 5.9063964
0.6976643 5.912638
0.883587 5.5209904
0.5782156 5.1467137
0.7496434 6.702144
0.602248 6.73904
0.7288799 6.810241
0.77631533 6.8699603
0.58053416 7.6248326
0.6793324 7.147733
0.73721683 7.022566
0.5412277 8.340937
0.6258363 6.915818
0.59544396 5.1908617
0.8721813 6.069477
1.3481811 4.3933887
0.5764822 6.8654017
0.5972736 8.916378
0.5730922 7.892236
0.5959281 7.4599624
0.6778003 7.5206017
0.62454724 6.9756603
0.6696424 5.856487
0.7748704 5.616567
0.6330578 6.4352536
0.59593225 6.765751
0.64512455 7.760662
0.67209035 7.771739
0.7063943 6.0694866
0.68954873 6.72498
0.8592813 7.0428214
0.887238 5.653468
0.77865624 5.917405
0.6645322 6.955023
0.61672485 6.1163836
0.6855789 4.924385
0.715315 5.1842403
0.6395941 5.5008144
0.7910535 5.5879436
0.6765899 7.6893086
0.56013817 8.1569395
0.67588645 9.40817
0.67383444 8.585066
0.72234327 7.132702
0.65559274 7.8427024
0.58062685 7.7331715
0.6306015 7.0348015
0.73805153 7.6162558
0.6766662 5.6750135
0.688743 8.93975
0.7478523 5.6908016
0.84968805 5.3904076
0.7984912 4.6147933
0.81466526 3.8841703
0.7915245 7.428111
0.5777749 5.8886843
0.643925 5.887723
0.7958914 5.3520913
0.55857396 6.0350323
0.7718664 8.142919
0.6658734 7.2995825
0.731334 5.146608
0.76246905 5.205213
0.6288943 6.596478
0.76458126 4.357123
0.674596 6.5947304
0.86589456 6.5885816
0.6569827 5.8281326
0.9585809 4.9660463
1.0321896 3.8952901
0.94888705 4.825195
0.6149365 8.383231
0.7546372 5.113112
0.78362167 5.935483
0.6062372 7.0701165
0.8347079 5.386305
0.63891697 6.4877048
0.6868993 4.820361
0.88118595 3.9250262
0.7387991 7.566681
0.74992746 7.430232
0.86935985 6.0656533
0.6824986 6.4054265
0.8114354 5.521174
0.6135131 6.6698914
0.8377286 5.9653034
0.64813775 6.5618954
0.70674217 7.2104406
0.86315167 6.277403
0.6472294 5.560142
0.815197 7.1793246
0.7494482 5.821708
0.6301494 5.810887
0.61339414 7.171801
0.79159987 7.4602785
0.695684 6.7278876
0.6826362 6.768947
0.7250315 5.820872
0.8568835 4.9374886
0.9488448 6.913089
0.7633333 6.2263308
0.8941414 6.5430927
0.71484363 5.7477965
0.70296174 5.384788
0.6475115 7.6321716
0.67995274 7.384362
0.6942177 5.9374847
0.74310356 7.548018
0.69019485 7.7882624
0.7704872 5.756404
0.63815236 7.3238616
0.78272796 6.5945506
0.7735084 8.985123
0.6799397 7.9605904
0.60299194 6.980313
0.6522994 8.91526
0.6249965 6.258364
0.64225197 7.558274
0.8461088 6.9647965
0.7646073 4.9699035
0.71435964 6.184826
0.78636575 6.878418
0.60772413 6.192497
1.2827886 5.0445147
0.6298033 7.741685
0.67030287 6.832883
0.83836126 6.032209
0.67663836 9.085775
0.6242846 7.6725
0.65723693 7.358824
0.70954895 6.8041573
0.6479349 9.273652
0.67943686 7.1192923
0.80344385 6.2546535
0.87393 6.7004714
0.6117983 6.191484
0.6845895 6.907782
0.72401375 7.2073555
0.64119977 6.1172857
0.7256502 5.785193
0.7096089 5.5261955
0.6740232 6.1715474
0.74142337 6.816193
0.6396246 5.9044447
0.94157535 5.984331
0.7672385 7.1846313
0.6900086 7.459775
0.7882905 6.8270254
0.68408346 6.003108
0.74407697 6.53355
0.61992615 5.883478
0.66899765 5.743004
0.5775496 6.8744164
0.6232114 4.9568663
0.77365935 5.9836006
0.7193201 5.624298
0.75679225 5.8555346
1.0024766 5.212216
0.710739 5.438313
0.77712935 5.164517
0.67735904 7.282114
0.6920185 5.792151
0.8401736 5.1671515
0.9051053 4.9969454
0.94871646 5.3905954
0.7310893 4.458996
0.87123525 5.4899116
1.0220747 4.954012
0.8602594 4.6217422
0.7777481 4.9862814
0.73485595 4.709682
0.83054864 6.1138444
0.6372523 8.213339
0.7057745 5.3801928
0.6016756 7.4063625
0.8000561 4.9539485
0.81490546 3.9279447
0.8143355 5.792604
0.84632814 4.462364
0.67912704 4.9520497
0.65929186 6.3947825
0.74459344 6.226826
0.6791897 4.59439
0.7641058 4.161989
1.031541 3.209267
0.7067793 6.1556344
0.59825563 7.654337
0.7420834 5.3705707
0.76619476 6.230775
0.6960949 6.334425
0.66079366 6.0660095
0.77495795 5.838946
0.9256086 5.0826063
0.6728959 6.259392
0.8209283 4.9447584
0.6754881 6.759945
0.80365443 7.520025
0.6927898 6.2266407
1.0702398 6.248299
0.76201594 6.075432
0.7055477 6.7907243
0.9420246 5.8130207
0.9887825 6.027846
0.72850275 5.767298
0.9729692 4.84236
1.0925014 3.360732
0.7176388 4.3728004
0.73584366 5.8804483
0.7921654 5.2851915
0.77079517 6.7293377
0.98518676 5.6846294
0.8575844 5.2151613
0.8641225 4.3806643
0.66552216 7.7797937
0.9344661 6.673576
0.66459846 5.1828194
0.6516491 6.4542828
1.0933638 4.283208
0.9122318 6.022787
0.64847887 7.6088142
0.6815816 6.4540133
0.92592996 4.6271358
0.7214178 6.7454853
0.9383078 5.054731
0.7620317 6.427705
0.6505716 6.016517
0.9169492 6.2598066
0.7631635 7.1018977
0.82143795 4.663353
0.724331 5.86287
0.9074449 4.731051
0.8314965 5.7342167
0.7705499 5.739465
0.797872 6.7286134
0.71531296 5.781008
0.70914215 4.7128468
0.89613914 4.7683606
0.71845603 5.9659033
0.94751334 6.0384035
0.9796189 4.299389
0.744038 5.543301
0.9052894 6.0818715
0.74240315 6.476664
0.9665033 6.074644
0.7257239 6.5056252
0.7715425 5.980422
0.73561 6.2695646
0.6319908 7.0040216
0.7964722 6.247552
0.75542367 5.5101094
0.79978895 5.580075
0.59718966 8.052337
0.69638205 5.5723
0.84956455 6.1669216
0.7823861 5.5245285
0.94682217 5.158037
0.87706816 4.291431
0.732903 4.867448
0.92490864 4.606307
0.8491956 4.7671432
0.8108196 4.983592
0.7286056 5.406041
0.6482212 6.1599836
0.7035427 5.7686954
0.6868334 6.3497987
0.7744093 5.5392346
0.7177484 5.9251757
0.6281581 5.964404
0.80351275 5.7859397
0.68362033 6.023607
0.8309893 3.8422852
0.722643 6.2935696
0.70710224 5.439501
0.7346351 5.4483337
0.75129336 5.429594
0.8837823 5.1969547
0.7627246 5.399184
0.77673066 5.4806104
0.665737 5.313703
0.6800344 5.500959
0.8247251 4.3402557
0.8028373 5.057834
0.7471986 5.5262437
0.7711879 5.3038936
0.7679877 4.4504137
0.78732085 4.9770455
0.99722123 4.9023423
0.8522891 4.880976
0.6562525 5.6029086
0.72666055 5.5648646
0.868216 4.9699955
0.7250695 4.727996
0.7278799 4.776314
0.8256387 5.0241766
0.67241824 5.0546136
0.94169474 5.5038657
0.6689167 4.2123117
0.8050766 4.3145432
0.96390617 5.571684
0.972674 4.654368
0.76619494 6.427725
0.6223873 5.4685736
0.75676316 6.106829
0.9201152 3.5733047
0.6481807 6.3197403
0.88615674 5.3726125
0.7819384 4.62057
0.736192 6.3646584
0.83251584 3.8434916
0.6705638 5.3956604
0.7876555 4.2427325
0.81676286 4.942331
0.68306017 5.3451996
0.79280907 4.5838394
0.6583582 5.382328
0.6586529 6.3242006
0.67603666 5.858158
0.7399733 6.086792
0.7888619 5.540105
0.63816017 6.282537
0.79581344 4.9080124
0.7215094 5.104143
0.75920105 5.048693
0.6054624 5.6504855
0.56460536 5.9225287
0.845955 5.242206
0.63573813 5.5318985
0.6591152 6.288628
0.78100574 5.426127
0.753687 5.143741
0.6516197 5.7216883
0.8734825 5.562995
0.9171337 5.937367
0.6411367 5.7551126
0.6750752 6.0128336
0.65853703 5.022243
0.84701127 5.4694004
0.6490616 5.246998
1.0124413 6.709396
0.6982311 6.25779
0.75316477 6.0666885
0.6989644 5.9379606
0.84092164 5.4084516
0.597219 7.223279
0.5750718 6.183304
0.6816407 6.0668287
0.6387547 6.2238746
0.8403133 5.2799606
0.8435535 5.0745974
0.65988773 5.8161
0.78499526 6.4707074
0.61338615 5.2228975
0.7058698 5.204941
0.73151934 4.501965
0.73020244 4.6457524
0.7338297 4.9628873
0.8755995 5.697994
0.7100628 6.1122417
0.69345856 6.182399
0.78970855 4.8711567
0.65881574 5.934023
0.7796731 5.9271746
0.95742166 6.599607
0.7144911 4.9439087
0.7042731 6.3598456
0.91740716 5.184148
0.70799166 5.587146
0.6215842 5.68217
0.6370816 5.7651944
0.64186966 6.501421
0.6935458 6.7225146
0.9361224 4.8448906
0.69901586 5.9614735
0.8771442 4.474887
0.7520524 6.646457
0.8658931 5.304002
0.639111 5.7248564
0.631412 4.8975744
0.6285607 6.914709
0.7561579 5.0966573
0.7682315 4.350682
0.70229995 4.050508
0.65467376 4.7552867
0.66395444 5.9143143
0.71158314 4.9701667
0.6861508 4.2401557
0.64645445 5.613897
0.70878047 6.025235
0.82715046 5.9283934
0.7518127 4.5121346
1.0803956 4.648741
0.63707507 7.905602
0.8184307 5.7517805
0.71917415 4.7892785
0.7663092 4.588068
0.5933394 6.065947
0.66169703 4.7080746
0.5486143 5.4575424
0.5911366 5.4010854
0.8240125 5.069635
0.5727928 5.9938536
0.5851335 6.262049
0.764201 5.28067
0.8995663 4.651785
0.59032285 5.8434467
0.8065897 4.548531
0.667601 4.558231
0.8333726 5.1954546
0.69857264 5.2883043
0.7617129 5.711046
0.6730078 5.59424
0.5246037 5.8060956
0.7854942 5.5597186
0.5922669 5.652595
0.7585208 6.867131
0.710091 4.3924546
0.90594983 5.3070827
0.9882501 4.065229
0.63751596 5.618451
0.74821967 4.9755964
0.788616 4.3448443
0.8565577 3.9361634
0.7711283 5.373089
0.6495436 5.4998155
0.6545546 4.647492
0.73068345 5.1990066
0.6539623 5.311703
0.5540619 5.3283114
0.6317922 5.7772675
0.69108593 5.0045757
0.7396411 5.5755825
0.6008409 6.799295
0.61866975 6.3195577
0.6636405 6.105466
0.79311216 4.72896
0.64948815 6.302584
0.6131008 5.116548
0.6557506 4.9836287
0.74545497 5.2573824
0.7297526 5.392305
0.63133866 6.0846343
0.7953761 4.6810536
0.72951776 5.332841
0.679753 5.3785834
0.707812 5.4762077
0.68089134 5.4063754
0.70362175 5.3133183
0.6347361 5.9331656
0.7141707 6.588023
0.86881083 5.348632
0.76170313 4.6911564
0.7366289 5.105273
0.66240066 5.0650625
0.8619548 5.375672
0.56975114 5.5252204
0.75327754 5.2301884
0.82617617 4.736086
0.72131574 5.2439876
0.6090147 5.950035
0.63386595 5.4639974
0.7525712 5.3961124
0.6330137 6.642287
0.569129 5.025488
0.6340525 4.986045
0.69128096 5.6788683
0.66915727 5.4636393
0.61602324 5.4903073
0.6326014 5.1679616
0.70075715 5.2027526
0.74726343 4.879811
0.8990458 4.4801183
0.6732528 6.4085073
1.0912609 4.2986407
0.69621015 4.785426
0.6535166 5.940544
0.6666983 5.7528687
0.6258073 6.2230535
0.6837601 6.4112177
0.910335 4.9284415
0.65744877 6.5703
0.6949774 5.6175933
0.7234447 5.1939554
1.0799302 4.659422
0.6621959 5.5272307
0.7007961 5.6219435
0.5906617 6.4629664
0.61324656 6.313339
0.8390981 5.480034
0.5836712 5.3684325
0.7134746 6.8565474
0.56258535 6.7779455
0.7124411 5.713801
0.8177382 5.7529144
0.8716118 5.5763297
0.8093648 5.206214
0.8341124 4.717201
0.59079206 6.4538503
0.8312348 4.930816
0.6824516 6.100291
1.005221 4.1502185
0.6205913 4.2690845
0.6971109 5.868292
0.7177953 5.6826487
0.6189528 5.8489504
0.7452121 5.139873
0.65290284 5.965523
0.685289 5.4148026
0.67251295 5.1975417
0.66061854 5.0794287
0.90223426 5.7456923
0.87522125 4.84656
0.7535313 5.9271693
0.7474664 5.0821404
0.71613574 5.1251054
0.77064264 4.492827
0.9512042 5.212767
0.62223244 5.105149
0.6399263 5.9734287
0.92364943 5.4269567
0.68520355 6.173335
0.62533695 6.289842
0.65978825 6.746142
0.6257343 5.954131
0.57844675 6.728962
0.6193386 5.6215076
0.64272547 6.075742
0.6458027 6.4006486
0.90000725 4.8052406
0.96252674 4.253478
0.8011761 5.7107916
0.7241826 5.3831916
0.8081421 5.5663095
0.6607522 5.673682
0.8570912 4.6258144
0.601802 6.2021503
0.72778296 5.769974
0.71875453 5.115711
0.66378367 5.1545377
0.60062754 5.5600996
0.5975299 6.026265
0.6665018 5.852312
0.5845903 5.4734373
0.5390495 5.6681294
0.73993456 4.53489
0.6681839 6.1972003
0.7609104 5.7771716
0.8113724 6.100469
0.6842401 5.8496943
0.645761 5.9303327
0.65898407 5.45194
0.6563549 5.096892
0.76921064 5.5692115
0.7055583 6.05406
0.63873225 4.6782255
0.63197213 6.206497
0.7436888 5.847464
0.7511865 5.4805694
0.64260024 5.4421077
0.6276224 6.492458
0.58024824 5.9295015
0.5986105 6.706597
0.8263063 6.541166
0.57091856 6.1916237
0.62560856 5.444734
0.6213467 5.7886815
0.5869768 5.40749
0.66568446 5.658769
0.66960514 6.3130536
0.6769693 5.1071005
0.6403902 5.766339
0.66842526 5.0921607
0.7402973 4.3626227
0.756522 5.373519
0.71659106 5.010627
0.7984866 5.237933
0.8567928 5.051539
0.61481416 4.7934875
0.6224663 5.4839196
0.6548617 6.0117564
0.64066744 4.249407
0.90961283 4.7857256
0.6151082 6.2024207
0.65715253 5.4772468
0.60213196 7.162706
0.7540753 5.1147394
0.5475954 6.286598
0.6332632 5.60015
0.63229954 5.0886817
0.59026253 7.339714
0.82498217 5.064344
0.84883106 5.2278886
0.6665642 5.366331
0.7201128 5.2771683
0.7651472 3.9801116
0.6702523 5.061592
0.6847149 4.978719
0.67436194 5.508094
0.59653324 5.6858506
0.89598733 4.400503
0.9932137 4.1631694
0.6549905 5.5830173
0.6497605 6.2626195
1.0062666 5.075826
0.6618756 5.274457
0.56057817 6.581041
0.57367957 5.689271
0.75347316 5.528866
0.7408261 4.51282
0.64022875 5.74661
0.7572046 5.5745864
0.6811323 5.02575
0.6915585 4.618689
0.82764906 3.923945
0.6959572 5.8285937
0.98431706 4.27087
0.75184584 4.810461
0.6002866 5.155021
0.63108486 5.812538
0.7350154 5.7650037
0.6401443 6.1267147
0.69754887 6.279279
0.9052679 5.356454
0.70610404 4.491946
0.5941627 6.6197686
0.73959595 4.2348995
0.72503996 5.453563
0.5902565 6.0017323
0.7211033 4.6006217
0.5824929 5.563283
0.6101104 5.9715676
0.76392996 4.6458516
0.6468622 5.2121067
0.5841771 5.2447133
0.91246665 5.158726
0.6029848 5.9122396
0.8009324 4.6640844
0.7420931 4.800399
0.706236 4.586296
0.6281455 6.078731
0.712077 5.779834
0.53901273 5.309485
0.80245477 4.276162
0.6426539 4.834694
0.83677685 6.6916347
0.62996036 5.447446
0.6193205 6.315401
0.6857333 6.2683997
0.62469125 4.293575
0.6913129 4.937703
0.61427987 5.4267244
0.58538926 5.22735
0.7709973 4.141623
0.61763024 5.2285066
0.6842732 5.6407394
0.7040626 5.268004
0.69780123 4.774693
0.6679055 5.921831
0.65436095 5.208745
0.6586198 5.0448165
0.5727562 7.0557127
0.61712945 5.5779185
0.6630379 5.0938435
0.83456683 3.8759491
0.6524999 4.9561605
0.86078125 4.8805237
0.54137087 6.3063235
0.7026427 5.39924
0.73067975 4.575727
0.5832637 5.244274
0.85105455 4.797485
0.69944334 5.369184
0.7147093 5.184551
0.9576318 5.519434
0.67323095 6.2858677
0.52630377 5.6518784
0.74775755 6.535689
0.63321507 5.9149995
0.64694875 6.0389028
0.66964257 5.4204073
0.7440053 5.303445
0.6476943 6.3092837
0.62168384 5.309047
0.62746304 5.983226
0.5590007 6.239527
0.80108035 6.4322557
0.91795075 5.1001606
0.6004406 5.6854186
0.5700419 5.399782
0.58527446 5.170764
0.58709496 5.4163795
0.7583246 5.8676105
0.7585665 4.665131
0.5358747 6.010163
0.71102047 5.0437617
0.7137338 5.539854
0.5449767 6.418927
0.67101055 5.3900223
0.6997666 5.8911695
0.75721526 5.607463
0.56173944 6.1512947
0.63900536 5.949307
0.73619103 4.812635
0.55542815 5.656572
0.6425509 5.5150127
0.89646554 5.579475
0.7280623 5.66264
0.6338668 4.9968953
0.62835974 5.318705
0.71684015 5.4943366
0.64519286 4.908608
0.6028031 6.1566386
0.6138177 6.194959
0.6311374 5.4051847
0.69306266 5.543393
0.8514048 4.058479
0.7929436 5.958235
0.728273 4.315811
0.7977277 4.4298697
0.9445545 5.4008427
0.672416 6.274186
0.6445391 4.2456203
0.5876384 5.5295825
0.7226218 5.2437687
0.87564266 5.4683666
0.6478281 6.400807
0.6549538 5.7456155
0.56007403 5.1483026
0.5950974 6.0648327
0.6152277 5.344155
0.7184112 5.498529
0.63573647 5.2546964
0.61870587 5.401861
0.58685505 6.387867
0.70011973 4.9877625
0.8589475 4.828412
0.66427207 5.329969
0.5937284 5.206359
0.8493882 5.42563
0.63261575 6.2026
0.7173346 6.0578284
0.61533767 5.266621
0.72178507 5.531453
0.76825505 5.0076904
0.7527782 5.131543
0.670046 4.788128
0.5553405 5.881719
0.5946846 5.1875176
0.84109426 4.301401
0.77027434 5.032525
0.7009238 5.058608
0.5268838 6.078361
0.85969 4.927544
0.7993673 4.896984
0.52784467 5.9540105
0.6286639 4.6896267
0.5962082 5.4396315
0.9337485 4.7748027
0.8398133 4.280886
0.7614155 4.8746805
0.70008355 5.1814394
0.7216125 5.9418116
0.717778 5.6521688
0.83399254 5.2929626
0.75552106 5.290326
0.59831387 5.891563
0.65223575 6.0634375
0.7054902 4.9857645
0.6229047 5.4880238
0.8617697 4.546008
0.6740067 4.7349014
0.7189729 4.956362
0.62924516 5.899061
0.589586 5.6176414
0.8424467 4.446712
0.5521821 5.902083
0.7400629 4.229247
0.6455039 5.29206
0.78643614 4.9865217
0.7207098 5.134358
0.9064649 5.2934623
0.7240901 5.7634435
0.5610965 5.946848
0.6758323 4.866781
0.6513921 5.542456
0.6153772 5.1206303
0.6167616 6.535138
0.6743067 6.485485
0.6755992 5.957441
0.7508697 5.2874217
0.6197866 5.6978197
0.50851315 6.652309
0.5709933 5.8920007
0.6481782 4.918963
0.7519975 4.6108994
0.70530885 5.6581435
0.68827856 5.4517775
0.64543414 5.631728
0.66999733 4.833696
0.59307665 5.0754175
0.5790665 5.3293767
0.6358415 6.0373144
0.6173121 5.029394
0.7622267 5.120625
0.7620528 6.282499
0.754902 4.9289837
0.590858 5.6959333
0.6371628 5.7239637
0.6872589 6.025682
0.60254836 5.559023
0.6178019 6.019497
0.58499765 5.3094826
0.5538273 6.4630723
0.5555851 5.676554
0.68524474 4.542014
0.5141957 6.131179
0.58290625 5.9674397
0.67932457 5.990988
0.6857349 5.18429
0.7002732 5.0354013
0.7892041 5.2265024
0.6774219 4.5942783
0.60965663 6.318666
0.56727695 5.7191343
0.8429432 5.2914886
0.753659 5.079199
0.9227184 5.3280253
0.7242286 4.361107
0.6544788 5.4650598
0.8729404 5.57768
0.7764144 4.692689
0.7863813 4.8563037
0.5696986 5.503828
0.89914787 5.32392
0.7541903 5.74622
0.70418394 4.982878
0.83736396 5.3625555
0.6315676 5.494972
0.66389316 5.3096523
0.80568767 5.4882803
0.77341384 6.895915
0.54727846 7.0973406
0.5874822 5.682849
0.58839464 5.867053
0.5694659 7.549363
0.7076858 5.4413033
0.7255871 5.4058375
0.63090336 6.382428
0.87285316 4.573778
0.726907 4.5944963
0.63243955 4.7043867
0.61965376 5.384993
0.55519354 5.621128
1.1454577 5.0177145
0.72847295 4.671
0.7608453 5.8668375
0.66547954 5.1152296
0.56285024 5.3786077
0.58553505 4.890113
0.6823928 4.9761043
0.7308183 4.9751835
0.60411525 5.552639
0.6848547 5.6530213
0.78435165 4.9488697
0.6552285 5.221944
0.57458854 7.0732145
0.67421556 7.032325
0.6235949 6.496903
0.63575685 5.3138084
0.77040917 4.88545
0.63959795 5.5660825
0.7915353 5.467056
0.65413976 5.248268
0.7042591 4.9130707
0.61196214 5.7304106
0.7345978 4.7972407
0.745034 4.9439025
0.5410109 6.382732
0.7739491 6.176547
0.6949767 4.0149307
0.69883674 5.833013
1.0126967 5.3866487
0.6964455 5.0930347
0.5567071 5.543805
0.6150396 5.1941524
0.7845194 5.5410476
0.46724498 6.744787
0.9506792 5.714451
0.5748944 6.143419
0.6286367 5.1326747
0.73593277 6.7184057
0.6904636 5.5700154
0.67058265 6.012046
0.6203989 6.057346
0.54917216 5.8844957
0.6148183 5.2612863
0.67162734 5.301403
0.7997834 4.4949474
0.779865 5.4724307
0.60836756 5.139596
0.66653377 5.1906652
0.7974494 5.4305396
0.76414704 4.9700637
0.6715812 5.4059196
0.67108107 4.814736
0.6539505 5.400754
0.68029416 5.594684
0.70246875 5.403346
0.7677995 6.180039
0.5331034 5.3233223
0.5524492 6.0697117
0.7403577 6.1207037
0.6831378 5.3222294
0.62188756 5.936081
0.4713852 5.341357
0.8094639 4.758299
0.6883124 5.2991867
0.6285075 7.3881474
0.6760086 5.765336
0.6387749 5.815091
0.6386171 6.9906845
0.5882908 6.302889
0.6052918 6.273894
0.5211294 5.5933967
0.6447127 6.9385214
0.4852882 6.3621135
0.5455272 5.989551
0.6138382 5.4288297
0.8676747 5.3140454
0.5633275 5.3321176
0.587167 5.8659377
0.6582662 5.589437
0.753996 5.3913536
0.60522294 5.6604757
0.63888884 5.5788302
0.5784508 5.2282243
0.57461894 5.1174474
0.675495 5.1746335
0.6236829 5.911263
0.5296766 6.081196
0.5625787 5.615392
0.725199 5.4927506
0.66445524 5.329002
0.7658822 4.7541327
0.6473352 4.8880177
0.7306663 5.8625984
0.630474 5.210449
0.55991757 5.474719
0.6812902 5.771609
0.70609903 5.8375707
0.66562307 5.357902
0.5704187 5.664399
0.72329056 5.744501
0.6247905 5.3387256
0.4847873 6.93912
0.5730088 6.2227435
0.63297653 6.1170764
0.5527401 5.3403497
0.575804 5.6259494
0.66357124 4.6939564
0.6824462 5.618755
0.62612116 5.0936565
0.59946144 4.500348
0.6615807 4.8789344
0.6112974 5.7473726
0.7628323 5.832485
0.64760894 4.8555827
0.7049084 5.7869577
0.74413204 5.713786
0.59801745 6.4943767
0.6425141 6.3048677
0.6099602 6.340801
0.6788801 5.361796
0.6527411 4.676785
0.5384238 5.5058374
0.6751446 5.631795
0.825433 5.612405
0.6188886 5.9456472
0.532919 6.311492
0.7192974 5.203106
0.72008795 6.125832
0.7185826 5.172243
0.6446505 4.7938657
0.58160865 5.3634276
0.6539729 6.8411317
0.6148695 6.36714
0.66832477 6.294497
0.5967707 6.675514
0.60768145 4.8571315
0.5476349 5.408137
0.5744618 5.5118504
0.65926963 5.4448333
0.7327201 6.0167336
0.6008727 5.1321464
0.6758026 5.176334
0.615911 4.715055
0.80402076 4.7343044
0.6850599 5.771055
0.8128098 5.0954576
0.7694244 5.5260224
0.6160652 5.9924693
0.77343833 5.9094744
0.58415353 6.0883336
0.6479492 6.0791435
0.60310864 5.225271
0.59235084 6.0820017
0.70046234 4.8666964
0.70826906 6.1558576
0.54466707 7.1276474
0.6122185 6.649475
0.7451296 4.631773
0.7317517 5.9447217
0.56361586 6.5943155
0.7125252 5.918641
0.7078747 5.7622232
0.5689523 6.56157
0.5826372 6.0545535
0.6552399 5.8433776
0.686 4.631853
0.5794735 5.8213663
0.5988773 5.5189896
0.622009 4.882292
0.63855517 4.8718476
0.6555235 5.0879464
0.6857782 5.159855
0.52018124 5.719371
0.83679664 5.492874
0.61735314 6.0684533
0.74025625 5.0419326
0.6796777 4.8291545
0.6905341 4.9534025
0.6632122 5.7931867
0.76600957 4.402274
0.89606607 4.7799006
0.84303874 4.9124746
0.90938556 5.2106237
0.6026566 6.8071737
0.6435627 5.1448607
0.5922382 5.548247
0.5559082 5.6104946
0.6573058 5.761742
0.6077164 5.89921
0.6428318 5.5391808
0.5483139 6.2130165
0.5421448 4.807027
0.6193621 5.4582033
0.56458104 5.3709087
0.65748584 5.537149
0.53063476 5.4023027
0.7743524 4.4702964
0.8180165 4.959525
0.8273755 4.6559834
0.74457663 5.2285624
0.6686445 5.4647684
0.7124722 6.015625
0.54996204 5.4176173
0.7245905 5.13018
0.5959898 5.512763
0.5631633 5.835492
0.63731873 5.625813
0.57226205 5.607948
0.59160846 6.1881175
0.60194916 6.6188745
0.72398806 5.579431
0.66716826 5.150983
0.5533481 5.2757697
0.7826313 3.92164
0.6922517 5.8393226
0.70114017 5.432896
0.6123879 5.222392
0.5864743 5.354543
0.7410104 5.1058445
0.6853659 5.0598707
0.65937674 4.6927114
0.6856377 4.4277067
0.7746599 4.523232
0.6522656 5.386228
0.737185 5.6274233
0.6660704 5.596721
0.6038096 6.1535726
0.6849868 4.629993
0.66343814 4.839561
0.6333311 5.282794
0.5422623 6.3464217
0.7931457 5.5301313
0.67095923 6.307374
0.6720326 6.3936524
0.63721657 5.597998
0.5728631 6.5736833
0.7288146 5.3243504
0.72343886 6.5390296
0.6709758 5.299124
0.66810936 6.846201
0.6870501 4.956367
0.79722166 4.4995065
0.6349669 5.994682
0.67547613 4.5472813
0.57044506 6.5419793
0.8172995 5.843377
0.7483444 6.5935235
0.6259099 6.2990794
0.50887644 6.981858
0.7068709 5.088158
0.63060665 4.9406295
0.63219625 5.145296
0.7509164 5.6279516
0.5758314 5.6789436
0.6911084 4.915814
0.6833236 5.7879195
0.5644183 6.765307
0.6383111 5.4658413
0.562744 7.382633
0.5669943 6.038975
0.5943123 5.5178733
0.6584556 5.3284473
0.7297636 5.413312
0.6716984 5.4326067
0.67015666 5.9562864
0.6401601 5.171098
0.60705876 5.0275574
0.798353 4.091837
0.6771802 5.6390815
0.6710806 4.8315606
0.6443241 5.289289
0.67750853 5.5740957
0.8038223 4.6701775
0.68467224 4.9515386
0.6208687 5.5627885
0.83078885 4.829226
0.7114179 5.0522275
0.67522347 5.097059
0.66553664 4.9084487
0.7181982 5.402179
0.6162539 5.4581084
0.5943691 5.5544267
0.79342794 4.8110857
0.5802971 6.1901464
0.6312504 5.761407
0.6790029 5.7525163
0.5995686 5.7018523
0.68897724 5.9157505
0.6544047 4.816843
0.7438495 5.8007803
0.5692289 6.2643094
0.90523416 4.3746
0.56017184 5.333662
0.57736355 5.1346455
0.5783528 5.7083726
0.69923663 5.2762966
0.8789422 5.724883
0.6491765 5.4997287
0.71393406 5.857383
0.6657374 4.8665586
0.7408484 6.475993
0.67545426 5.6517034
0.64106977 5.0075564
0.82646334 6.099775
0.5956694 5.6152267
0.6050651 5.515888
0.5668865 6.3879585
0.5430504 5.4409647
0.7104468 5.4862814
0.87240744 4.3021436
0.71853197 5.659718
0.6619979 4.7446604
0.78766835 4.0558968
0.661878 4.99663
0.65303785 4.980519
0.57823086 6.2423296
0.74915165 5.3444448
0.5672338 6.1704445
0.68088573 5.5305467
0.6125266 4.83515
0.7197539 5.500743
0.5935141 5.4346642
0.8389079 5.2667017
0.62184924 5.3454113
0.6688 4.6107397
0.72206116 4.959028
0.7000066 5.2211585
0.97563845 4.3623137
0.7920537 4.6947193
0.7078806 4.63831
0.69056064 5.7672014
0.5877082 5.478374
0.6313313 5.980486
0.65375924 6.8349595
0.7120639 5.9783077
0.6482041 5.276274
0.6096512 5.197743
0.66046906 5.642876
0.76289576 5.180275
0.580061 6.1007457
0.56634223 5.624087
0.5607809 4.704479
0.6438326 6.3005977
0.7522074 6.154169
0.86710787 4.51921
0.64762026 4.642501
0.52840877 4.9697213
0.6487769 6.3592386
0.65373975 4.9096594
0.8699953 4.7717466
0.61360234 6.1392474
0.65059006 5.556664
0.56493056 6.2821503
0.58167243 5.5805745
0.7027741 5.162308
0.56345236 5.363271
0.65312016 5.4081845
0.60651344 5.599528
0.649178 5.4566603
0.5685253 5.8290353
0.6270999 4.8456335
0.6309087 5.481977
0.7008359 5.3166037
0.640783 5.9762425
0.5849552 5.808348
0.71033335 5.0372267
0.7473302 5.3181806
0.6524653 5.4167633
0.66449606 4.934307
0.59415865 6.0462246
0.60914147 5.400053
0.64660645 4.1386566
0.6704722 5.419162
0.8609608 3.7506053
0.74011266 5.124589
0.6775954 5.409997
0.6710361 4.9429283
0.78544545 5.869947
0.57883 5.941638
0.7366451 5.2297153
0.6422279 5.5654783
0.64929855 5.1681414
0.6970377 6.032608
0.5244618 6.476038
0.6556221 5.2195387
0.5377465 5.793126
0.7054577 5.7152495
0.5899873 5.1868677
0.7931628 4.982031
0.8996904 4.1338506
0.80065304 4.5767746
0.9287342 5.309928
0.6194558 5.0234222
0.8263811 5.06526
0.6189497 6.0349617
0.65279484 4.3480372
0.8652093 4.2870317
0.634477 5.523476
0.67152405 4.535424
0.8112488 4.515177
0.9723015 5.4273105
0.6979723 6.003232
0.6059091 5.4014387
0.62787354 5.6539083
0.47176594 5.4490175
0.7480601 4.2417655
0.6889498 5.578125
0.6854941 4.8881693
0.68026745 3.9500737
0.7361772 4.8972607
0.58081275 5.1495237
0.59913427 4.9846005
0.70134324 5.372373
0.92789096 5.310771
0.70260966 6.2869277
0.6370504 5.99384
0.6465656 4.891006
0.5112965 6.0150113
0.5849909 5.386095
0.62914807 5.2765584
0.5491635 5.7602477
0.6041917 5.6739783
0.6632961 5.126165
0.699831 5.72993
0.6939681 5.335144
0.6403767 5.7812133
0.7857469 4.5996404
0.62354696 5.68926
0.6116642 4.5983696
0.6729748 4.0371037
0.9064787 4.3308644
0.7463629 5.152124
0.6084943 5.373869
0.62742805 5.2559958
0.60650957 5.4959927
0.6411984 4.162362
0.89002156 5.777464
0.67347115 4.6527634
0.6569006 5.698995
0.6163276 4.530963
0.6745974 4.692464
0.6063993 5.3015337
0.80618435 5.1297684
0.724274 5.658431
0.79828644 5.20107
0.67181665 4.9210668
0.7092627 6.0082264
0.6339148 5.0133576
0.582216 5.6868157
0.59480006 5.1070776
0.58956933 5.6065135
0.62419176 5.4965205
0.6605979 4.671364
0.761001 5.3434443
0.590572 5.326311
0.60090834 5.3731985
0.8180151 4.406899
0.566039 6.08301
0.7199086 4.296595
0.55505025 5.807623
0.57249844 5.922535
0.6046377 6.0784674
0.6187053 5.7920074
0.5354262 6.3169303
0.57667255 5.7227335
0.5691605 6.1002984
0.6270182 6.1274114
0.60005355 5.8507447
0.58285344 4.6636124
0.6723396 4.5190086
0.6571126 5.2760644
0.55126077 4.590615
0.65226436 5.0373554
0.65845144 5.2127147
0.6311826 5.476469
0.67658424 4.444176
0.6861406 5.4419703
0.66331124 4.9330873
0.64039594 5.024445
0.6464871 4.577145
0.7647855 4.7042418
0.78092945 4.1247115
0.7168671 4.9890924
0.91053104 4.4754715
0.7154592 4.8508787
0.6645628 4.4195166
0.6849426 5.771049
0.7452652 5.8083797
0.65995073 5.4475064
0.6626047 5.25908
0.6513252 5.809532
0.54474044 5.418337
0.6903143 5.270326
0.61430377 5.4087343
0.6549787 4.4594517
0.62663895 5.4693193
0.60476184 4.86228
0.6324438 5.061354
0.55275667 5.522125
0.57482475 5.0720987
0.6478617 4.959258
0.69493634 4.565606
0.6500246 5.3951464
0.71732986 4.394785
0.5898347 5.1591887
0.58809245 5.5100026
0.7416241 4.2909427
0.848982 4.279914
0.7104331 5.2494636
0.69349265 5.1809688
0.8080494 4.6931396
0.54834294 7.2110095
0.73262465 4.081139
0.58361685 6.242339
0.5876304 5.1860805
0.6614827 5.2893586
0.7044493 4.5366697
0.5778452 5.7226057
0.5912882 6.185204
0.82431006 4.5958743
0.73492396 5.934011
0.79917395 4.4245887
0.5879905 4.648806
0.6482203 5.4634247
0.59469044 7.9263144
0.56598043 5.2332554
0.63843465 5.892004
