0.36348397 9.557449
0.32034254 8.183968
0.32357806 7.6298594
0.28608286 9.228259
0.3024954 5.7686768
1.3620958 3.8684738
0.5356593 5.0841503
1.0827032 3.2183607
0.4131155 4.8998547
0.41185048 4.358131
0.33356676 7.348094
0.6593558 3.552073
0.733589 2.4228435
0.3374017 5.5828357
0.5710954 4.6420813
0.40634945 4.7045817
0.40545177 5.043535
0.5420001 3.39356
0.43951994 4.853222
0.39233908 6.1049776
0.38620052 6.862224
0.4563722 4.2323318
0.64058626 3.6929784
0.45525068 6.92908
0.8460237 5.328188
0.45363134 4.9944935
0.6158293 4.090334
0.43677014 4.898807
0.9946313 2.5689063
0.6679439 3.762676
0.58073235 4.035626
0.673993 3.7607458
0.44452757 5.006818
0.54850715 4.307329
0.5438665 4.936109
0.5445336 4.5448384
1.0325809 3.555099
0.60215896 4.6477785
0.8868641 2.9328232
0.787443 3.3094559
0.5232328 4.69112
0.78967524 3.478711
1.1038873 2.4051495
0.5855538 5.444172
1.0705588 2.166812
0.693553 3.183212
1.227211 3.7094595
0.62102497 3.8502073
0.75039804 5.9491277
0.70180213 4.3460584
0.80350477 2.9855673
0.7105794 4.517655
0.8535036 2.3860083
0.9027494 2.2567325
0.7835878 2.5950284
0.59938216 3.515756
0.9329237 2.7590775
0.91201866 2.2852573
0.89799017 2.4655085
1.0768476 4.1440153
0.7486563 4.515149
0.62006557 3.8013928
0.5310886 4.276086
0.9574644 2.6865392
1.1235108 2.5393534
0.7857747 3.2839966
0.68002605 3.6195588
0.5252866 4.1060205
0.57238674 4.311498
0.5635681 3.1951156
0.6462207 3.4916928
0.6879928 3.807609
0.5759604 4.6565175
0.5444205 3.6124358
0.78035283 2.0900843
0.7416447 3.5128853
1.0213267 3.7345433
0.8148024 4.2403846
0.62863487 4.6662126
0.4918309 4.770107
0.5608914 4.115641
0.6679235 4.6762743
0.5287333 4.252394
0.7851199 3.5900333
0.59791005 5.3149557
0.6373846 2.809859
0.42247325 7.7681146
0.45133808 5.2547493
0.5768875 5.2026424
0.55256593 4.6951528
0.4525869 6.449401
0.706244 4.449676
0.53575253 4.8664713
0.84156567 6.1996183
0.5746199 3.9895322
0.47044638 5.5153813
0.635103 6.643761
0.4808653 6.232427
0.49148613 6.7681613
0.45660824 4.4048758
0.42676502 5.557269
0.4484593 6.1398215
0.4276615 8.609129
0.80387974 3.371054
0.5741771 7.5133405
0.6302537 3.9064698
0.6425253 6.44905
0.4976624 5.913625
0.513723 6.3862863
0.42631704 6.2166457
0.48570877 7.8463783
0.64549613 6.739063
0.44120413 8.057701
0.44736958 7.181654
0.6158133 6.981803
0.49148354 6.003455
0.44390857 5.439117
0.6959283 5.503008
0.48422292 4.629816
0.44998863 8.40606
0.4609257 6.621278
0.42797711 5.8326726
0.47041002 6.766452
0.73976564 3.299807
0.64894015 8.277577
0.7598305 7.03521
0.44286036 7.1488857
0.44301933 7.7157254
0.47831964 5.01455
0.4851989 7.5158687
0.50445735 6.45934
0.6015067 6.5142274
0.69099194 4.0296435
0.426982 10.18055
0.39993453 9.795386
0.39756876 7.4634886
0.39548594 8.141182
0.63661677 11.123324
0.42335206 7.017971
0.38242352 6.334965
0.4726892 5.9396014
0.5227398 6.314328
0.65707 4.2373486
0.40744525 8.303363
0.39616448 8.781032
0.48059994 7.5997148
0.4489401 6.962016
0.6152207 7.7148046
0.46838105 7.503452
0.7407825 3.8019345
0.43099838 8.141721
0.3986436 6.6603966
0.5291159 7.7845235
0.745965 6.462634
0.4433102 7.708212
0.46114835 8.729887
0.5205033 7.3723707
0.48136112 7.5169234
0.53580713 6.9951777
0.45486128 6.4903355
0.68434584 5.413748
0.5311409 7.2200747
0.4812323 7.5032754
0.49909085 7.0284543
0.42839128 7.3758364
0.44799888 10.15049
0.43488717 7.0851603
0.4657007 7.969292
0.59289974 4.7851515
0.5916269 6.2693334
0.4067487 9.200608
0.7278076 3.9271586
0.4292437 8.967954
0.54234016 10.653273
0.5233544 7.4091988
0.44679156 8.8771
0.62991023 6.073494
0.46548444 8.365426
0.48300755 5.489149
0.62935895 6.6868625
0.45778233 6.457083
0.5442948 7.526735
0.58798826 5.4443827
0.47202483 7.8666906
0.45436233 5.8403225
0.4944611 4.634547
0.5783709 4.8669796
0.59881175 5.432617
0.5998064 5.4677196
0.4694088 6.320991
0.47692204 5.455334
0.45205575 6.2048507
0.4714635 6.471595
0.44603848 6.991391
0.6241044 4.796249
0.6192048 5.8721056
0.4930654 10.149071
0.4873392 5.4949245
0.5277588 6.0597067
0.5118142 6.4919605
0.628379 5.415516
0.5939917 6.3121734
0.5691085 6.296416
0.65930927 4.9198775
0.5657926 6.2318892
0.46595725 7.357461
0.5745744 4.026056
1.1879929 6.024591
0.44018865 6.989349
0.5273003 5.8163958
0.82441235 6.3975697
0.6245308 6.675526
0.66569793 5.8039
0.5825987 6.191802
0.74983615 5.0855827
0.6613401 6.236335
0.4927788 6.0677905
0.544475 6.0065117
0.56354177 6.7194796
0.5193662 5.6981387
0.4958518 6.3391557
0.47006732 6.9904723
0.5054567 8.191688
0.4980994 6.806689
0.51383746 7.870366
0.54136914 5.9754796
0.50556815 8.549019
0.48818737 6.2379627
0.488186 6.3785486
0.7192677 4.848628
0.7309567 6.0925355
0.6282861 5.3091736
0.50224483 7.9022455
0.6185533 5.3344193
0.68055016 6.3748083
0.577323 9.76254
0.69750214 6.59855
0.58122987 5.9193335
0.6878433 5.238654
0.55468655 5.8989305
0.5996152 6.324925
0.5867709 7.7486925
0.54505104 6.1466002
0.6751249 5.1096635
0.51595896 5.7485437
0.5409348 6.8796425
0.47453958 6.9353204
0.5658721 8.137181
0.6754725 7.133781
0.6274048 5.7497106
0.6078264 5.543691
0.66931057 7.0834575
0.8630842 5.614988
0.59512424 4.983559
0.58104646 6.554757
0.5615391 5.731669
0.5719705 6.4008145
0.62594664 4.6030054
0.9148729 3.7709436
0.571588 7.494511
0.6259027 6.981913
0.56745255 6.6475143
0.7411494 6.4297066
0.63917196 6.479941
0.8161042 7.703835
0.5864985 6.233336
0.8921862 4.657986
0.57517725 8.443945
0.6846099 4.798153
0.62579215 6.69988
0.5490575 5.310443
0.62045896 6.272214
0.584121 4.9857674
0.5731964 5.8962846
0.6327536 7.511692
0.5172305 5.9581695
0.6680219 5.1044297
1.048561 4.785643
0.55295396 5.776092
0.82745945 5.0336113
0.6223377 8.313488
0.6583171 7.636019
0.65179896 6.780091
0.60294056 7.155307
0.58026123 8.671629
0.6524093 5.9809546
0.69513977 5.586445
0.54345703 9.063328
0.67141414 5.439908
0.84654117 5.4868374
0.6749041 5.743094
0.6133241 6.89823
0.6955793 6.2440205
0.5641682 5.8175235
0.69975966 5.7197933
0.5788003 9.079915
0.913555 6.3303633
0.5586545 9.12947
0.8038864 8.773913
0.5639715 5.9395185
0.69006044 7.648882
0.8124529 6.6613092
0.7675844 8.131742
0.6010684 8.250209
0.6544597 8.241103
0.6264273 6.6164136
0.6167651 7.416361
0.60521376 5.8995523
0.71810114 4.8808465
0.82252455 5.608864
0.6199161 7.340348
0.5283885 6.762737
0.64771324 5.857213
0.71950793 5.773112
0.5891166 7.7158246
0.69429684 6.300982
0.62420046 7.3786473
0.6609882 7.600523
0.59392583 9.687706
0.57341725 6.2221804
0.6165426 6.409737
0.6367707 6.8577566
0.6739086 5.854247
0.620374 7.934439
0.55060834 8.092437
0.89991045 6.1660914
0.63682437 5.09146
0.6877204 5.363091
0.7452984 7.7069287
1.0491427 6.540589
0.54741436 9.751989
0.6450421 7.6386485
0.80989665 5.778826
0.75365525 5.820599
0.68046385 7.0392876
0.6672596 5.370813
0.59221685 6.263231
0.6671699 6.225315
0.6436232 7.5034695
0.9394781 5.098201
0.8926872 7.2736077
0.6592408 6.4464808
0.6694459 6.1989737
1.2923886 5.1805105
0.66041344 8.123854
0.6175021 7.4367666
0.65097237 6.3787956
0.8128331 7.7028356
0.693985 10.289606
0.6765124 7.048423
0.85847425 6.388871
0.7474828 5.6692624
0.6616334 8.041635
0.70514 5.2536693
0.8741766 6.5636644
0.7344532 5.7475348
0.6545865 6.3495893
0.84958667 6.985778
0.7365218 7.5587015
0.6132518 7.9168515
0.6010835 6.7078795
0.69766194 8.584009
0.65289 6.094433
0.64242506 5.794
0.7370626 9.205331
0.7099365 6.6934404
0.62725794 6.911024
0.6945387 7.0391026
0.8697902 6.0199995
0.73903346 6.2088747
0.6710448 5.531342
0.75309575 6.202836
0.5733204 8.292124
0.8113613 7.1883144
0.70310044 7.883398
0.6989615 5.4166355
0.73360205 7.3634787
0.7825838 6.8540187
0.6055924 7.9899735
0.69031686 7.175083
0.741432 8.333952
0.67991567 6.3803606
0.5879514 9.972006
0.60313845 7.219277
0.6969323 6.319978
0.6803205 6.519192
0.9374878 3.7565715
0.7658875 6.863328
0.69060063 7.612503
0.65602446 6.267467
0.655133 7.6415577
0.78755856 4.750917
0.7351977 6.435919
0.8822645 4.762653
0.67919004 8.469631
0.64163435 7.923117
0.8388818 6.686554
0.6065881 6.4082947
0.67771494 6.942888
0.8801254 6.132331
0.95024 5.9103756
0.74390054 7.2407284
0.65649414 7.4950485
0.63975096 6.683839
0.6852127 8.235078
0.9147371 7.096146
0.59192586 7.356659
0.6432331 7.000207
0.6427566 5.742813
0.5607246 7.195459
0.7547916 8.245837
0.67507327 7.091727
0.7097419 5.309893
0.75042063 7.076346
0.8531924 6.916611
0.8865908 5.278466
0.6939433 6.0080705
0.8288871 8.123186
0.8839808 6.2752013
0.65359825 8.934509
0.8014797 8.636255
0.7155607 7.6793118
0.7588631 8.01466
0.7119967 6.6795993
0.7040762 5.9854474
0.9635892 5.4684024
0.8079999 5.2190204
0.69304717 7.1867647
0.89235735 7.806329
0.74605083 7.971446
0.79307663 8.544689
0.75119585 5.776292
0.64022255 7.822752
0.7170312 8.388144
0.76598465 7.769373
0.648425 10.166777
0.6165178 8.42151
0.59112495 10.425095
0.6630726 9.381586
0.6885522 7.6303024
0.6862987 6.0856247
0.8821693 8.018759
0.5754951 7.9275856
0.8868516 5.7506237
0.8612265 7.283279
0.8332319 5.618502
0.62648666 7.728917
0.66935396 6.3670874
0.7427422 6.325363
0.8719388 6.0338545
0.81650543 8.109008
0.61571044 6.2608104
0.5988318 5.8686523
0.6954934 5.9818377
0.69306254 7.8384614
0.5813369 8.323855
0.9600512 5.5166826
0.7163154 9.387338
0.7325633 7.3071094
0.6909745 5.717091
0.7054653 7.931557
0.6334169 9.710133
0.6105944 7.882346
0.9449094 5.6221776
0.65536714 7.7331285
0.5687916 7.3086658
0.68505144 5.610693
0.9281936 4.5639806
0.5867871 7.2374864
0.5881925 6.9786906
0.72108495 7.4713
0.6470582 6.11339
0.678524 5.5290656
0.80655843 6.180436
0.68173337 9.426495
0.6428771 7.10743
0.75789595 6.072902
0.6145411 7.427526
0.80134773 8.515937
0.61033815 10.319073
0.590463 6.897443
0.6851139 8.546333
0.7571344 6.160108
0.60608345 8.840032
0.5745968 8.972282
0.79396695 6.096657
0.625899 6.040069
0.620475 6.4066014
0.77648383 8.294995
0.85674477 5.8354588
0.56828237 8.230016
0.5309913 7.796154
0.62858814 6.2557397
0.5956118 9.567064
0.5476688 10.234659
0.79554784 5.59994
0.6293253 6.1741943
0.6796496 6.140504
0.72140443 6.706289
0.7100413 7.686164
0.70055073 7.2965903
0.5689726 7.1684446
0.71758294 6.5611014
0.6212635 8.094728
1.3457386 5.286281
0.56671685 8.778735
0.61371696 7.6953
0.6332527 7.9790215
0.5867795 7.327998
0.7379689 7.772249
0.669155 8.905901
0.6798295 9.162497
0.67565393 8.764754
0.59941566 7.936167
0.62793034 7.2536564
0.6251123 6.198865
0.57818884 8.204937
0.8007266 5.163405
0.7031503 6.1800575
0.7722176 6.673584
0.6191853 5.666784
0.61765677 9.624311
0.7182512 6.5851455
0.6213852 6.578676
0.72336525 6.7700276
0.60128295 8.084257
0.6766944 5.3927345
0.56770134 8.231356
0.5787615 7.908049
0.56149334 7.668761
0.74870294 6.6228957
0.64368397 7.2201824
0.62641335 7.563462
0.58445406 10.110545
0.7527339 6.06313
0.6786953 7.106956
0.67735887 8.23432
0.79293984 6.532777
0.7344646 7.2556877
0.64889145 9.831127
0.56100094 7.4911203
0.6310668 6.944129
0.6745291 6.2969613
0.57795954 6.7098403
0.64113426 8.070239
0.6499585 6.6910276
0.70277 8.152002
0.5870222 7.374763
0.74509764 7.713096
0.6057882 7.8960443
0.68264234 7.6159706
0.6073438 7.7505565
0.72471607 7.2536316
0.6333823 7.4869666
0.7342256 6.0679493
0.7208076 6.0589285
0.66755325 4.6422586
0.88039255 7.6478114
0.94990283 7.8267303
0.7141987 7.107587
0.7614671 7.198698
0.60285616 5.9526515
0.78836155 7.206869
0.5642725 8.184606
0.71076494 5.6064773
0.6452562 7.539303
0.7231065 6.683826
0.7089002 5.5408688
0.74810976 9.072011
0.62824506 6.7929406
0.5793781 7.2227182
0.74235296 6.1839805
0.8029704 5.584891
0.77817917 5.5188727
0.6271117 6.7970867
0.7592999 8.315669
0.59022 7.308456
0.66627204 6.0988054
0.6698058 6.171096
0.6386477 6.347214
0.62916845 6.756702
0.60000074 7.222296
0.8894331 5.906489
0.7496384 9.221857
0.7775837 7.3297153
0.57578075 9.479472
0.66253495 8.177919
0.702674 8.831384
0.514652 9.360417
0.57571536 7.3439717
0.6816162 6.502287
0.6746719 7.8931355
0.59093827 6.7182465
0.513216 8.453567
0.660606 6.1992273
0.63438946 9.031469
0.80993766 7.1716557
0.5603276 7.551769
0.53004825 7.073035
1.04241 8.278363
0.56588113 9.843177
